884 487 1933 2013 1639 
232 503 1884 1741 1416 
1963 1286 297 1695 2049 
1963 1286 297 1683 2049 
615 1286 1857 1186 2049 
884 487 2046 2034 1639 
1939 969 1306 2053 677 
884 212 1933 2046 1639 
1932 1082 1306 2053 676 
1963 1286 137 1695 2049 
884 487 2042 2034 1639 
2023 1082 1306 2052 856 
622 487 1933 2046 1639 
1939 1082 1306 2053 677 
1963 1286 305 1683 2049 
1932 1082 1306 2053 679 
884 487 2042 1997 1639 
2023 212 1306 2052 1621 
2023 1082 1306 2052 1594 
884 37 1933 2046 1639 
