1078 546 1762 17 2495 
1078 536 1877 405 2463 
2015 322 1085 196 2463 
1078 690 1762 405 2452 
1078 724 1762 405 2436 
1078 693 1762 28 2489 
1078 546 1832 17 2463 
1078 705 1762 407 2447 
1078 724 1943 407 2442 
1078 681 1762 405 2463 
1078 690 1762 405 2161 
2015 322 546 327 2463 
1078 2060 1762 135 2463 
1078 690 1846 405 2463 
2015 647 546 327 2463 
511 1487 536 1869 2370 
1078 708 1762 405 2463 
1078 690 1762 157 2463 
1078 690 1777 405 2463 
1994 73 2439 1140 823 
1078 690 1762 405 2463 
1078 592 1762 17 2484 
2375 2060 1762 135 2463 
1481 659 1762 405 2463 
1078 690 1762 61 2463 
1078 721 1762 405 2463 
1078 546 1762 17 2463 
1078 724 1762 407 2442 
1078 678 1762 405 2463 
1078 690 1780 405 2463 
