573 327 2378 2214 1804 
809 327 2391 2214 1804 
809 327 640 2214 1804 
655 327 2378 2214 1804 
1599 195 2266 1245 24 
1599 195 2266 1245 1804 
1599 195 2292 1245 1804 
1342 198 2266 1245 1804 
809 195 2266 1245 1804 
809 195 2265 1245 1804 
809 327 2266 1245 1506 
609 327 2378 2214 1804 
809 308 2394 2187 1804 
610 327 2265 1245 1804 
809 327 2265 1558 1804 
809 198 2266 1245 1804 
1342 327 2265 1245 1804 
807 327 544 2214 1804 
711 327 2265 1245 1804 
573 327 2459 2214 1804 
809 327 2266 1245 1804 
609 327 2387 2214 1804 
882 327 2277 1558 1804 
809 308 2394 2186 1804 
807 327 2393 2214 1804 
765 327 2381 2230 1804 
807 327 2394 2214 1804 
809 327 2265 1245 1804 
811 327 2389 2214 1804 
817 327 640 2214 1804 
560 327 2277 1558 1804 
1342 327 2266 1245 1804 
808 327 1545 2214 1804 
573 327 2441 2214 1804 
809 327 2268 1245 2414 
809 327 2277 1245 1804 
809 327 2350 2214 1804 
808 327 2393 2214 1804 
807 327 1545 2214 1804 
809 327 2425 2214 1804 
2368 327 2281 1200 1804 
809 308 2390 2159 1804 
809 327 2277 1558 1804 
809 327 2268 1245 1804 
808 327 2394 2214 1804 
812 327 2378 2214 1804 
598 327 2378 2214 1804 
809 327 2394 1303 1804 
809 327 2265 1529 1804 
809 308 2394 2159 1804 
807 327 2378 2214 1804 
819 327 2378 2214 1804 
