261 941 718 1561 1066 
261 1874 718 1403 2300 
571 171 1700 2110 2476 
196 484 718 1305 2456 
571 171 1700 2110 2476 
261 484 718 2472 2456 
561 171 1700 2110 2442 
1206 171 1700 2110 2459 
561 171 1700 2110 2442 
586 171 1700 2110 2459 
1206 171 1700 2098 2459 
1206 171 1700 2098 2459 
563 1831 65 1556 2303 
2013 1711 718 1487 2469 
2013 1698 718 1487 2469 
563 1831 65 1556 2121 
560 139 1700 2110 2442 
76 2004 560 1561 2419 
406 1699 718 1445 2330 
219 1579 2148 1561 2304 
261 1853 718 1561 2447 
184 1837 718 1375 2460 
261 1829 718 1412 2300 
261 484 718 2472 2456 
1028 1831 65 1533 2303 
560 171 1700 2110 2442 
261 1825 718 1305 2304 
261 1940 718 1561 2418 
2013 1711 718 1487 2469 
261 1823 718 1561 2418 
2013 1698 718 1487 2469 
2304 484 718 1305 2456 
261 1829 718 1412 2300 
261 1743 718 1561 2300 
261 2004 718 1561 2244 
1206 171 1700 2169 2459 
261 1825 718 1403 2300 
196 484 718 1305 2456 
261 1983 718 1456 2430 
261 1825 718 1305 2260 
297 1853 718 1561 2447 
1028 1831 65 1533 2303 
560 171 1700 2110 2486 
1206 171 1700 2169 2459 
563 1831 65 1533 2358 
297 1853 718 1561 2447 
280 1940 718 1561 2418 
297 1974 718 1305 2490 
219 1579 2148 1561 2304 
406 1699 718 1445 2244 
261 1853 718 1561 2447 
560 171 1700 2110 2471 
560 390 2139 1756 1398 
560 484 718 1305 2456 
560 464 1700 2110 2487 
261 1724 718 1366 2344 
668 1831 65 1533 2294 
261 1829 718 1561 2300 
2013 1698 718 1255 2472 
261 941 718 1556 1066 
668 1831 65 1417 2294 
2013 1810 718 1561 2423 
261 1826 718 1403 2300 
261 1983 718 1456 2430 
388 1866 718 1305 2463 
261 1808 718 1305 2304 
261 941 718 1561 2418 
2009 484 718 1305 2456 
261 1826 718 1403 2300 
261 941 718 1561 2418 
94 484 718 1305 2456 
184 1837 718 1375 2460 
2013 1814 718 1561 381 
261 941 718 1556 1066 
406 1699 718 1445 2330 
66 1814 718 2131 2400 
563 1788 65 1556 2121 
297 1974 718 1305 2490 
261 1825 718 1305 2244 
76 2004 560 1561 2419 
560 171 1700 2110 2298 
668 1831 65 1417 2294 
219 1826 1937 1561 2304 
316 1810 718 1561 2432 
388 1866 718 1305 2463 
560 464 1700 2110 2464 
1389 1814 718 2131 2400 
668 1831 65 1533 2294 
261 1724 718 1366 2344 
1389 1795 718 194 2189 
2013 1698 718 1255 2472 
261 1829 718 1560 2300 
71 1771 718 1561 2460 
560 464 1700 2110 2487 
563 1831 65 1533 2303 
340 1829 718 1561 2304 
560 171 1700 2110 2471 
563 1831 65 1533 2303 
2013 1810 718 1561 2423 
329 1814 718 1561 1994 
