8104 3949 5870 1351 3913 7825 8711 7174 3651 9895 
8104 6503 5870 232 3913 7825 8711 7174 3651 9895 
8104 684 5870 1351 3913 7825 8711 7174 3651 9881 
8104 6503 5870 232 3913 7825 8711 7174 4891 9895 
8104 4188 5870 1351 3913 7825 8711 7174 3651 9895 
8104 684 5870 1351 3913 7825 8711 7174 3651 9881 
8104 6503 5870 232 3913 7825 8711 7174 3651 9895 
8104 2688 5870 1351 3913 7825 8711 7174 3651 9895 
8104 6503 5870 232 3913 7825 8711 7174 3651 9895 
8104 6503 5870 232 3913 8237 8711 7174 3651 9895 
8104 6503 5870 232 3913 7825 8711 7174 3651 9895 
1759 6503 5870 1351 3913 7825 8711 7174 3651 9895 
1759 8152 5870 1449 3913 7825 8764 7174 2329 9784 
1759 6503 5870 1351 3913 7825 8711 7174 3651 9895 
1759 1982 5870 1449 3913 7825 8802 7174 3651 9782 
4778 2199 8152 2567 665 9580 8711 7635 8478 9854 
1759 8152 5870 1449 3913 7825 8764 7174 2329 9784 
1759 6503 5870 1351 3913 7825 8711 7174 3651 9895 
1759 1982 5870 1449 3913 7825 8802 7174 3651 9782 
4778 2199 8152 2567 665 9580 8711 7635 8478 9854 
1759 8152 5870 1449 3913 7825 8764 7174 2329 9784 
1759 6503 5870 1351 3913 7825 8711 7174 3651 9895 
1759 1982 5870 1449 3913 7825 8802 7174 3651 9782 
4778 2199 8152 2567 665 9580 8711 7635 8478 9854 
1759 6503 5870 1351 3913 7825 8711 7174 3651 9895 
1759 1982 5870 1449 3913 7825 8802 7174 3651 9782 
1759 1982 5870 1449 3913 7825 8802 7174 3651 9782 
1759 1982 5870 1449 3913 7825 8802 7174 3651 9782 
1759 8152 5870 1449 3913 7825 8764 7174 2329 9784 
4778 304 8152 3128 665 9580 4059 7827 3541 9854 
1759 6503 5870 1351 3913 7825 8711 7174 3651 9895 
1759 1982 5870 1449 3913 7825 8802 7174 3651 9782 
4778 2199 8152 2567 665 9580 8711 7635 8478 9854 
1759 8152 5870 1449 3913 7825 8764 7174 2329 9784 
4778 304 8152 3128 665 9580 4059 7827 3541 9854 
1759 6503 5870 1351 3913 7825 8711 7174 3651 9895 
1759 1982 5870 1449 3913 7825 8802 7174 3651 9782 
4778 2199 8152 2567 665 9580 8711 7635 8478 9854 
1759 8152 5870 1449 3913 7825 8764 7174 2329 9784 
4778 304 8152 3128 665 9580 4059 7827 3541 9854 
1759 6503 5870 1351 3913 7825 8711 7174 3651 9895 
1759 1982 5870 1449 3913 7825 8802 7174 3651 9782 
4778 2199 8152 2567 665 9580 8711 7635 8478 9854 
1759 8152 5870 1449 3913 7825 8764 7174 2329 9784 
4778 304 8152 3128 665 9580 4059 7827 3541 9854 
1759 6503 5870 1351 3913 7825 8711 7174 3651 9895 
1759 1982 5870 1449 3913 7825 8802 7174 3651 9782 
4778 2199 8152 2567 665 9580 8711 7635 8478 9854 
1759 6503 5870 1351 3913 7825 8711 7174 3651 9895 
1759 1982 5870 1449 3913 7825 8802 7174 3651 9782 
1759 1982 5870 1449 3913 7825 8802 7174 3651 9782 
1759 1982 5870 1449 3913 7825 8802 7174 3651 9782 
1759 8152 5870 1449 3913 7825 8764 7174 2329 9784 
4778 304 8152 3128 665 9580 4059 7827 3541 9854 
1759 6503 5870 1351 3913 7825 8711 7174 3651 9895 
1759 1982 5870 1449 3913 7825 8802 7174 3651 9782 
4778 2199 8152 2567 665 9580 8711 7635 8478 9854 
1759 8152 5870 1449 3913 7825 8764 7174 2329 9784 
4778 304 8152 3128 665 9580 4059 7827 3541 9854 
1759 6503 5870 1351 3913 7825 8711 7174 3651 9895 
1759 1982 5870 1449 3913 7825 8802 7174 3651 9782 
4778 2199 8152 2567 665 9580 8711 7635 8478 9854 
1759 8152 5870 1449 3913 7825 8764 7174 2329 9784 
4778 304 8152 3128 665 9580 4059 7827 3541 9854 
1759 6503 5870 1351 3913 7825 8711 7174 3651 9895 
1759 1982 5870 1449 3913 7825 8802 7174 3651 9782 
4778 2199 8152 2567 665 9580 8711 7635 8478 9854 
1759 8152 5870 1449 3913 7825 8764 7174 2329 9784 
4778 304 8152 3128 665 9580 4059 7827 3541 9854 
1759 6503 5870 1351 3913 7825 8711 7174 3651 9895 
1759 1982 5870 1449 3913 7825 8802 7174 3651 9782 
4778 2199 8152 2567 665 9580 8711 7635 8478 9854 
1759 6503 5870 1351 3913 7825 8711 7174 3651 9895 
1759 1982 5870 1449 3913 7825 8802 7174 3651 9782 
1759 1982 5870 1449 3913 7825 8802 7174 3651 9782 
1759 1982 5870 1449 3913 7825 8802 7174 3651 9782 
1759 8152 5870 1449 3913 7825 8764 7174 2329 9784 
4778 304 8152 3128 665 9580 4059 7827 3541 9854 
1759 6503 5870 1351 3913 7825 8711 7174 3651 9895 
1759 1982 5870 1449 3913 7825 8802 7174 3651 9782 
4778 2199 8152 2567 665 9580 8711 7635 8478 9854 
1759 8152 5870 1449 3913 7825 8764 7174 2329 9784 
4778 304 8152 3128 665 9580 4059 7827 3541 9854 
1759 6503 5870 1351 3913 7825 8711 7174 3651 9895 
1759 1982 5870 1449 3913 7825 8802 7174 3651 9782 
4778 2199 8152 2567 665 9580 8711 7635 8478 9854 
1759 8152 5870 1449 3913 7825 8764 7174 2329 9784 
4778 304 8152 3128 665 9580 4059 7827 3541 9854 
1759 6503 5870 1351 3913 7825 8711 7174 3651 9895 
1759 1982 5870 1449 3913 7825 8802 7174 3651 9782 
4778 2199 8152 2567 665 9580 8711 7635 8478 9854 
1759 8152 5870 1449 3913 7825 8764 7174 2329 9784 
4778 304 8152 3128 665 9580 4059 7827 3541 9854 
1759 6503 5870 1351 3913 7825 8711 7174 3651 9895 
1759 1982 5870 1449 3913 7825 8802 7174 3651 9782 
4778 2199 8152 2567 665 9580 8711 7635 8478 9854 
1759 6503 5870 1351 3913 7825 8711 7174 3651 9895 
1759 1982 5870 1449 3913 7825 8802 7174 3651 9782 
1759 1982 5870 1449 3913 7825 8802 7174 3651 9782 
1759 1982 5870 1449 3913 7825 8802 7174 3651 9782 
