5742 2023 6198 9133 8396 230 9950 7803 6198 9810 
5742 2023 7039 9666 8396 593 1394 7803 6198 9821 
5742 2023 7039 9133 8396 392 1377 7803 6198 9810 
5742 2023 7039 9133 8396 392 1377 7803 6198 9810 
5742 2023 7039 9133 8396 392 1377 7803 6198 9810 
5742 2023 7039 9133 8396 392 1377 7803 6198 9810 
5742 2023 6198 9133 1436 498 882 7803 6198 9810 
5742 2023 7039 9133 8396 595 1377 7803 6198 9810 
5742 2023 7039 9133 8396 392 1377 7803 6198 9842 
5742 2023 7039 9133 8396 595 1377 7803 6198 9810 
5742 2023 7039 9133 8396 593 1404 7803 6198 9810 
5742 2023 7039 9133 8396 595 1377 7803 6198 9810 
5742 2023 7039 9133 8396 593 1404 7803 6198 9810 
5742 2023 7039 9133 8396 392 1377 7803 6198 9842 
5742 2023 6198 9133 1436 230 882 7803 6198 9810 
5742 2023 7039 9133 8396 593 1404 7803 6198 9810 
5742 2023 7039 9666 8396 593 1395 7803 6198 9810 
5742 2023 6198 9133 8396 230 9950 7803 6198 9810 
5742 2023 7039 9133 8396 392 1377 7803 6198 9810 
5742 2023 7039 9133 8396 392 1377 7803 6198 9810 
5742 2023 7039 9133 8396 392 1377 7803 6198 9810 
5742 2023 7039 9133 8396 392 1377 7803 6198 9810 
5742 2023 7039 9666 8396 593 1394 7803 231 9810 
5742 2023 7039 9133 8396 392 1377 7803 6198 9810 
5742 2023 7039 9133 8396 392 1377 7803 6198 9810 
5742 2023 7039 9133 8396 392 1377 7803 6198 9810 
5742 2023 7039 9133 8396 392 1377 7803 6198 9810 
5742 2023 7039 9133 8396 392 1377 7803 6198 9810 
5742 2023 7039 9133 8396 593 1383 7803 1799 9810 
5742 2023 7039 9133 8396 392 1377 7803 6198 9810 
5742 2023 7039 9133 8396 593 1383 7803 1799 9810 
5742 2023 7039 9133 8396 392 1377 7803 6198 9810 
5742 2023 6198 9133 8396 4713 882 7803 6198 9810 
5742 2023 6198 9133 8396 4713 882 7803 6198 9810 
5742 2023 6198 9133 8396 4713 882 7803 6198 9810 
5742 2023 2610 9133 8396 7438 1124 7803 6198 9810 
5742 2023 6198 9133 8396 4713 882 7803 6198 9810 
5742 2023 7039 9133 8396 593 1383 7803 1799 9810 
5742 2023 7039 9666 8396 593 1394 7803 6198 9810 
5742 2023 7039 9666 8396 593 1394 7803 6198 9810 
5742 2023 7039 9133 8396 7438 882 7803 6198 9810 
5742 2023 7039 9133 8396 7438 882 7803 6198 9810 
5742 2023 7039 9133 8396 593 1394 7803 6198 9810 
5742 2023 7039 9133 8396 593 1377 7803 6198 9810 
5742 2023 7039 9133 8396 593 1394 7803 6198 9810 
5742 2023 7039 9133 8396 593 1377 7803 6198 9810 
5742 2023 7039 9666 8396 593 1394 7803 6198 9810 
5742 2023 7039 9133 8396 593 1394 7803 6198 9810 
5742 2023 7039 9666 8396 593 1394 7803 6198 9810 
5742 2023 7039 9666 8396 593 1394 7803 6198 9810 
5742 2023 7039 9133 8396 593 1377 7803 6198 9810 
5742 2023 7039 9133 8396 7438 882 7803 6198 9810 
5742 2023 7039 9133 8396 7438 882 7803 6198 9810 
5742 2023 7039 9133 8396 593 1404 7803 6198 9810 
5742 2023 7039 9133 8396 593 1394 7803 6198 9810 
5742 2023 7039 9133 8396 593 1377 7803 6198 9810 
5742 2023 7039 9133 8396 593 1394 7803 6198 9810 
5742 2023 7039 9133 8396 593 1377 7803 6198 9810 
5742 2023 7039 9666 8396 593 1394 7803 6198 9810 
5742 2023 7039 9133 8396 593 1394 7803 6198 9810 
5742 2023 7039 9666 8396 593 1394 7803 6198 9810 
5742 2023 7039 9666 8396 593 1394 7803 6198 9810 
5742 2023 7039 9133 8396 593 1377 7803 6198 9810 
5742 2023 7039 9133 8396 7438 882 7803 6198 9810 
5742 2023 7039 9133 8396 7438 882 7803 6198 9810 
5742 2023 7039 9133 8396 593 1404 7803 6198 9810 
5742 2023 7039 9133 8396 593 1394 7803 6198 9810 
5742 2023 7039 9133 8396 593 1377 7803 6198 9810 
5742 2023 7039 9133 8396 593 1394 7803 6198 9810 
5742 2023 7039 9133 8396 593 1377 7803 6198 9810 
5742 2023 7039 9666 8396 593 1394 7803 6198 9810 
5742 2023 7039 9133 8396 593 1394 7803 6198 9810 
5742 2023 7039 9666 8396 593 1394 7803 6198 9810 
5742 2023 7039 9666 8396 593 1394 7803 6198 9810 
5742 2023 7039 9133 8396 593 1377 7803 6198 9810 
5742 2023 7039 9133 8396 7438 882 7803 6198 9810 
5742 2023 7039 9133 8396 7438 882 7803 6198 9810 
5742 2023 7039 9133 8396 593 1404 7803 6198 9810 
5742 2023 7039 9133 8396 593 1394 7803 6198 9810 
5742 2023 7039 9133 8396 593 1377 7803 6198 9810 
5742 2023 7039 9133 8396 593 1394 7803 6198 9810 
5742 2023 7039 9133 8396 593 1377 7803 6198 9810 
5742 2023 7039 9666 8396 593 1394 7803 6198 9810 
5742 2023 7039 9133 8396 593 1394 7803 6198 9810 
